trbl
1110000011
1000000b01
1000000001
0000000000
0000000000
1000000001
10b0000b01
1110001111

trbl
100b0000b1
1000000001
1000000001
0000000000
0000000000
1000000001
1110000111
1b000000b1

rbl
1111111111
1111101111
1000000001
0000000000
0000000000
1000000001
1110000111
1b000000b1

trbl
1111000111
1000000001
100111b001
0000111000
0000b10000
1000000001
1110001111
1b000000b1

trblI
1111000011
1000000001
1000000001
0000000000
0000000000
1110001111
1110000111
1110000011

trblB
1111000011
1000000001
1000000001
0000000000
0000000000
1110001111
1110000111
1110000011

trblS
1111000011
1000000001
1000000001
0000000000
0000000000
1100000001
1100000011
1110000111

rl
1111111111
1111101111
1000000011
0000000000
0000000000
1000000001
1110011111
1111111111

tb
1111001111
1110000111
1100000011
1100000011
1000000011
1100000001
1110001111
1111111111